1
2
3
4
5
20
21
22
23
60
79
80
81
82
83
84
85
86
87
144
145
146
223
253
254
255
256
257
258
259
260
261
262
263
264
265
266
267
268
269
270
271
472
473
474
475
476
477
539
540
541
542
543
544
545
575
576
577
578
579
580
581
582
583
624
625
626
627
628
629
630
631
632
633
634
635
636
637
638
639
640
641
642
643
644
645
646
647
728
729
730
731
732
733
734
735
736
737
738
739
740
741
769
770
771
772
773
774
775
776
802
803
804
805
806
807
808
809
810
811
812
813
814
815
816
817
818
819
879
880
881
882
883
884
885
886
887
888
889
890
891
892
893
894
911
931
932
933
934
935
936
937
938
939
940
941
942
943
944
945
946
947
948
949
1026
1027
1028
1029
1030
1031
1032
1055
1056
1057
1058
1059
1060
1061
1062
1063
1064
1065
1066
1162
1220
1221
1222
1223
1226
1227
1228
1229
1230
1256
1257
1258
1259
1260
1261
1262
1263
1264
1265
1266
1267
1268
1269
1270
1271
1272
1428
1429
1430
1431
1432
1433
1434
1435
1578
1579
1580
1581
1582
1583
1584
1694
1718
1719
1720
1721
1722
1723
1724
1725
1726
1727
1728
1729
1776
1777
1778
1907
1908
1909
1910
1911
1912
1913
1914
1915
1916
1917
2035
2092
2112
2134
2196
2222
2224
2225
2226
2227
2228
2229
2230
2231
2232
2233
2234
2235
2264
2268
2269
2270
2271
2272
2273
2274
2275
2303
2363
2453
2454
2455
2456
2457
2459
2561
2577
2598
2627
2628
2629
2630
2631
2632
2633
2634
2635
2636
2637
2638
2640
2641
2642
2643
2644
2645
2646
2647
2648
2649
2650
2651
2652
2653
2654
2655
2656
2657
2658
2659
2810
2836
2837
2838
2839
2840
2841
2842
2843
2844
2845
2846
2847
2848
2849
2850
2851
2852
2853
2854
2855
2856
2898
2899
2900
2901
2902
2903
2956
2957
2958
2959
2960
2961
3132
3133
3134
3135
3136
3137
3138
3139
3140
3141
3142
3143
3144
3245
3246
3247
3248
3249
3250
3251
3252
3253
3254
3255
3256
3257
3258
3259
3260
3261
3262
3263
3280
3303
3304
3305
3306
3307
3308
3309
3310
3311
3320
3344
3468
3580
3622
3645
3835
4065
4066
4067
4068
4069
4070
4071
4072
4073
4074
4075
4076
4077
4078
4079
4080
4081
4082
4083
4084
4085
4086
4087
4088
4089
4090
4091
4092
4112
4113
4114
4115
4116
4117
4119
4368
4369
4370
4371
4372
4373
4374
4375
4376
4377
4378
4379
4380
4381
4382
4383
4384
4385
4386
4387
4388
4389
4391
4487
4497
4498
4499
4500
4501
4502
4503
4504
4505
5003
5137
5138
5139
5140
5141
5142
5143
5144
5145
5146
5147
5148
5149
5150
5151
5153
5154
5155
5156
5157
5158
5159
5160
5161
5162
5163
5164
5165
5166
5168
5169
5170
5171
5172
5173
5174
5175
5176
5570
5571
5572
5573
5574
5575
5576
5577
5578
5737
5738
5739
5740
5741
5742
5743
5744
5745
5955
5956
5957
5958
5959
5960
6058
6059
6060
6061
6062
6063
6064
6065
6066
6067
6068
6069
6070
6071
6072
6073
6074
6075
6076
6077
6078
6483
6484
6485
6486
6487
6488
6489
6490
6491
6492
6493
6494
6495
6496
6497
6498
6499
6500
6501
6502
7353
7385
7421
7422
7423
7424
7425
7426
7427
7428
7429
7430
7431
7432
7433
7434
7435
7436
7437
7438
7439
7440
7441
7442
7443
7634
7635
7636
7637
7638
7639
7640
7641
7642
7880
7917
7954
7980
8027
8064
8104
8105
8106
8107
8108
8109
8110
8111
8112
8113
8114
8115
8190
8191
8192
8193
8194
8195
8196
8197
8198
8199
8200
8201
8202
8203
8204
8206
8207
8208
8209
8210
8211
8212
8213
8214
8215
8319
8320
8321
8322
8323
8324
8325
8326
8327
8328
8329
8330
8331
8332
8334
8335
8336
8591
8592
8593
8594
8595
8596
8597
8598
8599
8600
8602
8603
8604
8605
8606
8607
8608
8609
8610
8611
8642
8643
8644
8645
8646
8647
8648
8649
8650
8651
8652
8653
8654
8655
8931
8932
8933
8934
8935
8936
8937
8938
8939
8940
8941
8942
8943
8944
8945
8946
8947
8948
8949
8950
8951
8952
8953
8954
8955
8956
8957
8958
8959
8960
8961
8962
8963
9027
9028
9029
9030
9031
9032
9033
9034
9037
9038
9039
9040
9041
9042
9043
9044
9045
9046
9047
9048
9049
9260
9261
9262
9263
9264
9265
9266
9267
9268
9269
9270
9271
9272
9826
9827
9828
9829
9830
9831
9832
9833
9834
9835
9836
9838
9839
9840
9841
9842
9843
9844
9845
9846
9847
9848
9849
9850
9851
9852
9853
9854
9855
9856
9857
9859
9860
9861
10078
10079
10080
10081
10082
10083
10084
10085
10086
10087
10088
10106
10107
10108
10109
10110
10111
10113
10158
10159
10160
10161
10162
10164
10165
10166
10571
10615
10643
10677
10727
10753
10864
10865
10866
10867
10868
10869
10898
10899
10900
10901
10902
10903
10904
10905
10979
11070
11104
11117
11118
11119
11120
11121
11122
11123
11152
11229
11268
11306
11307
11308
11309
11310
11311
11312
11313
11314
11315
11316
11378
11405
11429
11466
11467
11468
11469
11470
11471
11472
11473
11475
11476
11477
11478
11479
11480
11481
11482
11483
11484
11485
11519
11520
11521
11529
11541
11542
11543
11544
11545
11546
11547
11548
11549
11550
11551
11552
11553
11554
11555
11556
11557
11558
11559
11560
11564
11565
11566
11579
11611
11629
11630
11631
11632
11633
11634
11635
11700
11701
11702
11703
11704
11705
11706
11707
11708
11713
11714
11715
11716
11717
11877
12106
12331
